Task:1
Current_loss:[0.07036761939525604, 0.11799900233745575, 0.25288891792297363, 0.10176313668489456, 0.058802466839551926, 0.09401548653841019, 0.04194275662302971, 0.03396392613649368]
Current_loss_predict:[0.03534460812807083, 0.03258844092488289, 0.036648157984018326, 0.01901218295097351, 0.004470169078558683, 0.007069706916809082, 0.005469993222504854, 0.0038017823826521635]
Current_loss_variant:[4.1451770812273026e-05, 4.4811517000198364e-05, 7.578953227493912e-05, 0.00011782420915551484, 0.00012006807082798332, 7.271669164765626e-05, 6.98577132425271e-05, 0.00010737320553744212]
Current_loss_reconstruct:[0.03498155623674393, 0.08536574989557266, 0.2161649763584137, 0.0826331302523613, 0.05421222746372223, 0.08687306195497513, 0.036402907222509384, 0.030054768547415733]
Replay_loss:[0, 0, 0, 0, 0, 0, 0, 0]
Replay_loss_predict:[0, 0, 0, 0, 0, 0, 0, 0]
Replay_loss_variant:[0, 0, 0, 0, 0, 0, 0, 0]
Replay_loss_reconstruct:[0, 0, 0, 0, 0, 0, 0, 0]

Task:2
Current_loss:[0.10942427814006805, 0.084884874522686, 0.07889628410339355, 0.08804836869239807, 0.09509458392858505, 0.10065604001283646, 0.10392379760742188, 0.03962412849068642, 0.0469743050634861, 0.030342835932970047, 0.03147150203585625, 0.04147714376449585, 0.05267186090350151, 0.037659984081983566, 0.03275706619024277, 0.08042396605014801, 0.05578605830669403, 0.08559654653072357, 0.09066469222307205, 0.1261092871427536, 0.08589848130941391, 0.0753398910164833, 0.06632891297340393, 0.052099570631980896, 0.032560620456933975, 0.02925894223153591, 0.03138023614883423, 0.0376100055873394, 0.031442202627658844, 0.05197642743587494, 0.04958067834377289, 0.03737138211727142, 0.053729236125946045, 0.07258836925029755, 0.08780492842197418, 0.09800105541944504, 0.1551685333251953, 0.16554531455039978]
Current_loss_predict:[0.004934580530971289, 0.007558212615549564, 0.006410799454897642, 0.007620632648468018, 0.003487461246550083, 0.003663257695734501, 0.006139446049928665, 0.005629286170005798, 0.005677702836692333, 0.004671110771596432, 0.00242095859721303, 0.006107469089329243, 0.005127033684402704, 0.004591257777065039, 0.00983535498380661, 0.005058597307652235, 0.006709259003400803, 0.015905514359474182, 0.02021263726055622, 0.0035237392876297235, 0.005320708733052015, 0.015376011840999126, 0.009229517541825771, 0.00786941684782505, 0.007754439953714609, 0.007768301293253899, 0.008902753703296185, 0.008911972865462303, 0.0094251474365592, 0.012108730152249336, 0.01207819301635027, 0.007823267951607704, 0.012240760959684849, 0.011131909675896168, 0.018013332039117813, 0.01356363296508789, 0.031716473400592804, 0.005033034831285477]
Current_loss_variant:[1.9103288650512695e-05, 5.46872615814209e-05, 9.76705487119034e-05, 0.00013205409049987793, 0.0001506209373474121, 0.00015014410018920898, 0.00013339519500732422, 0.00015106797218322754, 0.00017511844635009766, 0.00019371509552001953, 0.00020354986190795898, 0.00019988417625427246, 0.00018364191055297852, 0.0001493990421295166, 0.00011435151100158691, 8.368492126464844e-05, 6.0290101828286424e-05, 4.518031710176729e-05, 3.91802386729978e-05, 3.9190053939819336e-05, 4.312396049499512e-05, 4.786252975463867e-05, 5.0961971282958984e-05, 5.1409006118774414e-05, 4.8786401748657227e-05, 4.354119300842285e-05, 3.7282705307006836e-05, 3.17990779876709e-05, 2.7060508728027344e-05, 2.3543834686279297e-05, 2.110004425048828e-05, 1.9162893295288086e-05, 1.7583370208740234e-05, 1.621246337890625e-05, 1.4245511010813061e-05, 1.3262033462524414e-05, 1.2576580047607422e-05, 5.3375959396362305e-05]
Current_loss_reconstruct:[0.10447059571743011, 0.0772719755768776, 0.07238781452178955, 0.08029568195343018, 0.09145650267601013, 0.09684263914823532, 0.09765096008777618, 0.03384377434849739, 0.041121482849121094, 0.02547801099717617, 0.028846992179751396, 0.03516979143023491, 0.047361183911561966, 0.03291932865977287, 0.02280735969543457, 0.07528168708086014, 0.04901650920510292, 0.06964585185050964, 0.07041287422180176, 0.12254635244607925, 0.08053465187549591, 0.05991601571440697, 0.057048436254262924, 0.04417874291539192, 0.024757392704486847, 0.02144709974527359, 0.022440198808908463, 0.028666233643889427, 0.021989993751049042, 0.039844151586294174, 0.037481386214494705, 0.02952895127236843, 0.04147089272737503, 0.06144024804234505, 0.06977735459804535, 0.08442416042089462, 0.1234394907951355, 0.16045890748500824]
Replay_loss:[0.0034071174450218678, 0.002940448233857751, 0.005237641744315624, 0.004339220933616161, 0.003864726284518838, 0.0037490453105419874, 0.0034051828552037477, 0.003940538968890905, 0.0047002434730529785, 0.004134727641940117, 0.00553716067224741, 0.005262562073767185, 0.005062812007963657, 0.00419560307636857, 0.0035297328140586615, 0.004294859245419502, 0.003984345123171806, 0.0038937770295888186, 0.003378218039870262, 0.004885613452643156, 0.003361734561622143, 0.004229153506457806, 0.004428157117217779, 0.004343934822827578, 0.003999174106866121, 0.004677535500377417, 0.0038362746126949787, 0.004282220732420683, 0.006219732109457254, 0.003818996949121356, 0.003810950554907322, 0.0045515927486121655, 0.003869519801810384, 0.0037666563875973225, 0.002930289600044489, 0.004323814995586872, 0.00236118002794683, 0.003817681921645999]
Replay_loss_predict:[2.1064639440737665e-05, 1.463320313632721e-05, 1.1370993888704106e-05, 9.29433008423075e-06, 1.0054311132989824e-05, 1.5035416254249867e-05, 1.953277751454152e-05, 2.783871786959935e-05, 3.769359682337381e-05, 5.058387978351675e-05, 5.892103217775002e-05, 6.599896005354822e-05, 5.7613859098637477e-05, 5.358581256587058e-05, 4.563796755974181e-05, 4.205193545203656e-05, 4.164373240200803e-05, 3.9396491047227755e-05, 3.8447557017207146e-05, 4.0149494452634826e-05, 2.9366061426117085e-05, 2.7117635909235105e-05, 2.6567773602437228e-05, 2.4138556909747422e-05, 2.2574738977709785e-05, 2.293211036885623e-05, 2.396716627117712e-05, 2.3973463612492196e-05, 2.69000229309313e-05, 2.9107350201229565e-05, 2.800426045723725e-05, 3.164425288559869e-05, 2.81648517557187e-05, 2.589775249361992e-05, 2.6539455575402826e-05, 2.7631340344669297e-05, 2.7575253625400364e-05, 2.2354830434778705e-05]
Replay_loss_variant:[1.9103288650512695e-05, 5.4687265219399706e-05, 9.709596633911133e-05, 0.00013205409049987793, 0.0001506209373474121, 0.00015014410018920898, 0.00013339519500732422, 0.00015106797218322754, 0.00017511844635009766, 0.00019371509552001953, 0.0002035498764598742, 0.0001998841908061877, 0.00018364191055297852, 0.0001493990421295166, 0.00011435151827754453, 8.368492126464844e-05, 6.0290101828286424e-05, 4.5180320739746094e-05, 3.853440284729004e-05, 3.9190053939819336e-05, 4.312396049499512e-05, 4.786252975463867e-05, 5.096197492093779e-05, 5.140900975675322e-05, 4.8786401748657227e-05, 4.354119300842285e-05, 3.7282705307006836e-05, 3.17990779876709e-05, 2.7060510547016747e-05, 2.3543834686279297e-05, 2.110004425048828e-05, 1.9162893295288086e-05, 1.7583370208740234e-05, 1.621246337890625e-05, 1.4245511010813061e-05, 1.3262034372019116e-05, 1.2576580957102124e-05, 5.337596303434111e-05]
Replay_loss_reconstruct:[0.003366949502378702, 0.002871127799153328, 0.005129174795001745, 0.004197872709482908, 0.0037040510214865208, 0.0035838657058775425, 0.0032522547990083694, 0.0037616321351379156, 0.004487431608140469, 0.003890428924933076, 0.005274689756333828, 0.004996678791940212, 0.004821556154638529, 0.003992618061602116, 0.003369743237271905, 0.004169122315943241, 0.0038824111688882113, 0.003809200134128332, 0.003301236080005765, 0.0048062740825116634, 0.0032892446033656597, 0.004154173191636801, 0.004350627306848764, 0.004268387332558632, 0.003927812911570072, 0.004611062351614237, 0.00377502478659153, 0.004226448014378548, 0.006165771745145321, 0.003766345791518688, 0.003761846339330077, 0.004500785376876593, 0.003823771607130766, 0.0037245461717247963, 0.0028895046561956406, 0.004282921552658081, 0.0023210281506180763, 0.0037419511936604977]

Task:2
Current_loss:[0.10862020403146744, 0.08366049081087112, 0.07856319844722748, 0.0868578627705574, 0.09443184733390808, 0.09714895486831665, 0.10278709977865219, 0.03919484466314316, 0.04672524705529213, 0.030449766665697098, 0.03175942599773407, 0.04118593409657478, 0.05237751454114914, 0.03737080842256546, 0.03266547620296478, 0.07977627217769623, 0.056427061557769775, 0.08611218631267548, 0.09076718986034393, 0.12253767997026443, 0.08891092240810394, 0.07291489839553833, 0.066596120595932, 0.05170224979519844, 0.03169501572847366, 0.028835870325565338, 0.03140820562839508, 0.037710126489400864, 0.03145324066281319, 0.05204173922538757, 0.04953949525952339, 0.03731511905789375, 0.05357403680682182, 0.0726579949259758, 0.08755578845739365, 0.09726200997829437, 0.15207983553409576, 0.16503332555294037]
Current_loss_predict:[0.00478699617087841, 0.007338011637330055, 0.006532120052725077, 0.007681014481931925, 0.0036356491036713123, 0.0035879372153431177, 0.006204227916896343, 0.005670603830367327, 0.005704410374164581, 0.004607399459928274, 0.0023606980685144663, 0.006157595198601484, 0.005059833638370037, 0.004358118399977684, 0.009845382533967495, 0.0051506878808140755, 0.006713053211569786, 0.016379505395889282, 0.019883563742041588, 0.0034750455524772406, 0.005420629400759935, 0.015116858296096325, 0.009528517723083496, 0.007930279709398746, 0.007413928396999836, 0.00772983580827713, 0.008917153812944889, 0.00896014180034399, 0.00944570917636156, 0.01205492950975895, 0.012006807141005993, 0.007828474044799805, 0.012250646017491817, 0.011164196766912937, 0.017157288268208504, 0.01374882273375988, 0.03037475235760212, 0.004694128874689341]
Current_loss_variant:[2.2858381271362305e-05, 2.9087066650390625e-05, 3.746151924133301e-05, 4.4226646423339844e-05, 4.8488378524780273e-05, 4.857778549194336e-05, 4.538893699645996e-05, 3.9517879486083984e-05, 3.2335519790649414e-05, 2.5063753128051758e-05, 1.850724220275879e-05, 1.3500452041625977e-05, 1.004338264465332e-05, 8.195638656616211e-06, 7.599592208862305e-06, 8.016824722290039e-06, 8.434057235717773e-06, 8.851289749145508e-06, 9.119510650634766e-06, 9.000301361083984e-06, 8.434057235717773e-06, 7.539987109339563e-06, 6.5267086029052734e-06, 5.453824996948242e-06, 4.76837158203125e-06, 4.0531158447265625e-06, 3.2782554626464844e-06, 2.9206275939941406e-06, 2.592802047729492e-06, 2.086162567138672e-06, 1.996755599975586e-06, 1.8775463104248047e-06, 1.6987323760986328e-06, 1.3709068298339844e-06, 1.2814999763577362e-06, 1.0728836059570312e-06, 9.834766387939453e-07, 8.344650268554688e-07]
Current_loss_reconstruct:[0.10381034761667252, 0.07629339396953583, 0.0719936192035675, 0.07913262397050858, 0.09074770659208298, 0.09351243823766708, 0.09653748571872711, 0.033484723418951035, 0.0409885011613369, 0.025817302986979485, 0.02938021905720234, 0.035014837980270386, 0.047307636588811874, 0.03300449252128601, 0.022812495008111, 0.07461756467819214, 0.04970557242631912, 0.06972382962703705, 0.07087450474500656, 0.11905363202095032, 0.08348185569047928, 0.057790499180555344, 0.05706107243895531, 0.04376651719212532, 0.02427631802856922, 0.02110198140144348, 0.02248777262866497, 0.028747064992785454, 0.02200493775308132, 0.039984721690416336, 0.03753069043159485, 0.029484767466783524, 0.04132169112563133, 0.061492424458265305, 0.07039722055196762, 0.08351211249828339, 0.1217041015625, 0.16033835709095]
Replay_loss:[0.004020449705421925, 0.003687232965603471, 0.004514163359999657, 0.004149196203798056, 0.005271162372082472, 0.004479037132114172, 0.004512991290539503, 0.004735742229968309, 0.006551668047904968, 0.0044768317602574825, 0.005807389039546251, 0.0038987486623227596, 0.005860384553670883, 0.004587751347571611, 0.004279858898371458, 0.005199517589062452, 0.005010819528251886, 0.004914375487715006, 0.0035007696133106947, 0.004608809947967529, 0.004363599233329296, 0.004330736119300127, 0.006632443051785231, 0.005010354332625866, 0.0044985017739236355, 0.0044073197059333324, 0.005979182664304972, 0.006311370991170406, 0.0061927009373903275, 0.004993852693587542, 0.006485943216830492, 0.006474069785326719, 0.004305815324187279, 0.005564803723245859, 0.0048438855446875095, 0.0032574492506682873, 0.006157111842185259, 0.004500165116041899]
Replay_loss_predict:[1.2405514098645654e-05, 1.696723120403476e-05, 2.0590894564520568e-05, 2.5894656573655084e-05, 3.240936348447576e-05, 4.070551949553192e-05, 4.238862675265409e-05, 4.214586442685686e-05, 4.0207025449490175e-05, 3.4781267459038645e-05, 3.0696988687850535e-05, 2.4287952328450046e-05, 2.577312807261478e-05, 1.896450157801155e-05, 2.084692459902726e-05, 2.0227756976964884e-05, 2.7991447495878674e-05, 2.908118040068075e-05, 3.1247524020727724e-05, 4.305603579268791e-05, 3.9535440009785816e-05, 3.894579640473239e-05, 4.624205030268058e-05, 3.9905571611598134e-05, 3.7390997022157535e-05, 3.608292536227964e-05, 3.490465314825997e-05, 3.6520283174468204e-05, 3.106754957116209e-05, 2.4574319468229078e-05, 2.5084671506192535e-05, 2.545339521020651e-05, 1.9410550521570258e-05, 2.043773747573141e-05, 2.3393662559101358e-05, 2.4069448045338504e-05, 2.543179834901821e-05, 1.8425747839501128e-05]
Replay_loss_variant:[2.2858381271362305e-05, 2.908706846938003e-05, 3.746151924133301e-05, 4.4226646423339844e-05, 4.8488378524780273e-05, 4.857778549194336e-05, 4.538893699645996e-05, 3.9517879486083984e-05, 3.2335519790649414e-05, 2.506375494704116e-05, 1.850724220275879e-05, 1.3500452951120678e-05, 1.004338264465332e-05, 8.195638656616211e-06, 7.5995926636096556e-06, 8.016824722290039e-06, 8.434057235717773e-06, 8.851289749145508e-06, 9.119510650634766e-06, 9.000301361083984e-06, 8.434057235717773e-06, 7.539988018834265e-06, 6.526709057652624e-06, 5.453824996948242e-06, 4.76837158203125e-06, 4.0531158447265625e-06, 3.27825569002016e-06, 2.9206275939941406e-06, 2.592802047729492e-06, 2.086162567138672e-06, 1.996755599975586e-06, 1.8775464241116424e-06, 1.6987324897854705e-06, 1.3709068298339844e-06, 1.2814998626708984e-06, 1.0728836059570312e-06, 9.834766387939453e-07, 8.344650836988876e-07]
Replay_loss_reconstruct:[0.003985185641795397, 0.003641178598627448, 0.004456110764294863, 0.004079075064510107, 0.00519026443362236, 0.00438975403085351, 0.004425213672220707, 0.0046540782786905766, 0.006479125469923019, 0.004416986834257841, 0.005758184939622879, 0.0038609602488577366, 0.005824568215757608, 0.0045605911873281, 0.004251412581652403, 0.005171272903680801, 0.004974394105374813, 0.004876443184912205, 0.003460402600467205, 0.004556753672659397, 0.004315629601478577, 0.004284250549972057, 0.006579674314707518, 0.004964994732290506, 0.004456342197954655, 0.004367183893918991, 0.005940999835729599, 0.006271929945796728, 0.0061590406112372875, 0.004967192187905312, 0.006458861753344536, 0.006446738727390766, 0.004284705966711044, 0.0055429949425160885, 0.004819210153073072, 0.003232307033613324, 0.00613069674000144, 0.004480904899537563]

Task:3
Current_loss:[0.0023540128022432327, 0.07045427709817886, 0.08662129193544388, 0.06099429726600647, 0.035303253680467606, 0.0018465343164280057, 0.04971890151500702, 0.05404273048043251, 0.03663372993469238, 0.08722297847270966, 0.07544304430484772, 0.07114490121603012, 0.056549571454524994, 0.0737580955028534, 0.312567800283432, 0.3083880841732025, 0.2515068054199219, 0.004598804749548435, 0.07155534625053406, 0.08851730823516846, 0.1036982536315918, 0.07435624301433563, 0.1454145312309265, 0.19798129796981812, 0.08823501318693161, 0.06549414992332458, 0.1611054241657257, 0.32669591903686523, 0.164906844496727, 0.1315627098083496, 0.12114045023918152, 0.10920508205890656, 0.06736099720001221, 0.09290555119514465, 0.022286443039774895, 0.06745001673698425, 0.06366153061389923, 0.12487529218196869, 0.04827749729156494, 0.06201963499188423, 0.044282928109169006, 0.05366205796599388, 0.061985455453395844, 0.025084009394049644, 0.021961785852909088, 0.016740942373871803, 0.013428892940282822, 0.02986942045390606, 0.16597431898117065, 0.15677997469902039, 0.11821948736906052, 0.12192092090845108, 0.12832653522491455, 0.0843936949968338, 0.12011173367500305, 0.05938176438212395, 0.012616971507668495, 0.01693548448383808, 0.050561197102069855, 0.03651004284620285, 0.02865041047334671, 0.01741383783519268, 0.03276523947715759, 0.04228002578020096, 0.29139211773872375, 0.3158504366874695, 0.20249034464359283, 0.08609381318092346, 0.06087808683514595, 0.1643921434879303, 0.1042785570025444, 0.15888525545597076, 0.1764218807220459, 0.18951736390590668, 0.16487351059913635, 0.1321881115436554, 0.13804882764816284, 0.13716523349285126, 0.04371258616447449, 0.058611828833818436, 0.10972782224416733, 0.08323518186807632, 0.024239432066679, 0.003345569595694542, 0.028738297522068024, 0.17689695954322815, 0.1397993415594101, 0.11806390434503555, 0.18991246819496155]
Current_loss_predict:[0.0008949412731453776, 0.0034445421770215034, 0.005586695391684771, 0.00932824332267046, 0.0023773799184709787, 0.00034926910302601755, 0.005494557321071625, 0.0011512299533933401, 0.0029325580690056086, 0.004879032727330923, 0.01354144886136055, 0.009591293521225452, 0.013417966663837433, 0.011209642514586449, 0.021680964156985283, 0.006783750839531422, 0.02716142125427723, 0.0030314545147120953, 0.013034015893936157, 0.0074614789336919785, 0.015596004202961922, 0.013370029628276825, 0.014674447476863861, 0.05891750007867813, 0.0060022021643817425, 0.017851728945970535, 0.008038589730858803, 0.01102517731487751, 0.0017254272243008018, 0.004713136702775955, 0.02656310237944126, 0.02676762267947197, 0.009445562958717346, 0.018031079322099686, 0.0038879241328686476, 0.009284215979278088, 0.017832480370998383, 0.049734968692064285, 0.010730540379881859, 0.005777423270046711, 0.004729711450636387, 0.0036247139796614647, 0.008074408397078514, 0.0027442185673862696, 0.004583405330777168, 0.0028636932838708162, 0.004859510343521833, 0.003641959512606263, 0.001696720952168107, 0.002249437617138028, 0.0036467781756073236, 0.00820994470268488, 0.0033436038065701723, 0.02178412489593029, 0.012198574841022491, 0.006573549937456846, 0.0037839370779693127, 0.010132364928722382, 0.010686713270843029, 0.010066533461213112, 0.010087748058140278, 0.007740069180727005, 0.011904599145054817, 0.01845402643084526, 0.007893407717347145, 0.00481633422896266, 0.0018162305932492018, 0.02313533052802086, 0.008565186522901058, 0.012468822300434113, 0.0032103543635457754, 0.014812927693128586, 0.013173582032322884, 0.014493769034743309, 0.007449210621416569, 0.003627871396020055, 0.005575075279921293, 0.00194350176025182, 0.005506657995283604, 0.010815451852977276, 0.0134976701810956, 0.007691994309425354, 0.0007772970129735768, 0.0014214219991117716, 0.016603343188762665, 0.013029882684350014, 0.010261164978146553, 0.028195997700095177, 0.015483834780752659]
Current_loss_variant:[2.2351741790771484e-06, 1.2218952178955078e-06, 4.231929779052734e-06, 9.745359420776367e-06, 1.5795230865478516e-05, 2.1398067474365234e-05, 2.461672011122573e-05, 2.536177635192871e-05, 2.3812055587768555e-05, 2.0772220523213036e-05, 1.659989356994629e-05, 1.2546777725219727e-05, 8.434057235717773e-06, 5.602836608886719e-06, 3.635883331298828e-06, 2.7120113372802734e-06, 2.562999725341797e-06, 2.652406692504883e-06, 3.3974647521972656e-06, 3.9637088775634766e-06, 4.559755325317383e-06, 4.649162292480469e-06, 4.76837158203125e-06, 4.380941390991211e-06, 4.112720489501953e-06, 3.4570693969726562e-06, 3.0100345611572266e-06, 2.4437904357910156e-06, 1.9073486328125e-06, 1.6987323760986328e-06, 1.3411046211331268e-06, 1.0132789611816406e-06, 7.748603252366593e-07, 6.556510925292969e-07, 5.960464477539062e-07, 5.066394805908203e-07, 3.576278970740532e-07, 3.2782554626464844e-07, 3.2782554626464844e-07, 3.5762786865234375e-07, 1.3113021850585938e-06, 3.2186508178710938e-06, 5.990266799926758e-06, 7.838010787963867e-06, 9.119510650634766e-06, 9.328126907348633e-06, 8.58306884765625e-06, 7.241964340209961e-06, 5.8710575103759766e-06, 4.202127456665039e-06, 2.5629999527154723e-06, 1.5795230865478516e-06, 9.238719940185547e-07, 5.662441253662109e-07, 3.4570693969726562e-06, 9.357929229736328e-06, 1.6301870346069336e-05, 2.232193946838379e-05, 2.580881118774414e-05, 2.6881694793701172e-05, 2.512335777282715e-05, 2.1517276763916016e-05, 1.671910285949707e-05, 1.1831521987915039e-05, 7.808208465576172e-06, 4.798173904418945e-06, 2.8312206268310547e-06, 2.205371856689453e-06, 2.175569534301758e-06, 3.39746452482359e-06, 5.3942208069202024e-06, 7.927417755126953e-06, 9.685754776000977e-06, 1.0579824447631836e-05, 1.055002212524414e-05, 9.328126907348633e-06, 7.748603820800781e-06, 5.930662155151367e-06, 4.172325134277344e-06, 2.8908252716064453e-06, 1.7285346984863281e-06, 1.2814998626708984e-06, 8.940696716308594e-07, 9.238719940185547e-07, 1.2814998626708984e-06, 1.4007091522216797e-06, 6.973743438720703e-06, 2.0802021026611328e-05, 3.647804260253906e-05]
Current_loss_reconstruct:[0.0014568362385034561, 0.06700851023197174, 0.08103036135435104, 0.05165630951523781, 0.03291007876396179, 0.0014758671168237925, 0.04419972747564316, 0.0528661385178566, 0.0336773581802845, 0.08232317119836807, 0.06188499927520752, 0.06154106184840202, 0.04312317073345184, 0.06254284828901291, 0.29088321328163147, 0.3016016185283661, 0.22434280812740326, 0.0015646975953131914, 0.0585179328918457, 0.08105186372995377, 0.08809769153594971, 0.06098156422376633, 0.13073532283306122, 0.1390594244003296, 0.08222869783639908, 0.04763896018266678, 0.1530638188123703, 0.3156682848930359, 0.16317951679229736, 0.12684787809848785, 0.09457600861787796, 0.0824364498257637, 0.05791465565562248, 0.07487381994724274, 0.018397923558950424, 0.0581652969121933, 0.0458286888897419, 0.07513999193906784, 0.03754662722349167, 0.05624185502529144, 0.039551906287670135, 0.05003412440419197, 0.05390505865216255, 0.022331953048706055, 0.017369261011481285, 0.013867921195924282, 0.008560799062252045, 0.02622021920979023, 0.16427172720432281, 0.15452633798122406, 0.11457014828920364, 0.11370939761400223, 0.12498200684785843, 0.062609001994133, 0.10790970176458359, 0.05279885604977608, 0.008816732093691826, 0.006780797615647316, 0.03984867408871651, 0.026416629552841187, 0.01853753812611103, 0.00965225137770176, 0.020843923091888428, 0.023814169690012932, 0.2834908962249756, 0.311029314994812, 0.20067128539085388, 0.06295627355575562, 0.052310723811388016, 0.1519199162721634, 0.10106281191110611, 0.14406439661979675, 0.16323861479759216, 0.17501302063465118, 0.15741375088691711, 0.1285509169101715, 0.13246600329875946, 0.13521580398082733, 0.03820175677537918, 0.04779348522424698, 0.09622842073440552, 0.0755419060587883, 0.023461241275072098, 0.00192322360817343, 0.012133673764765263, 0.16386567056179047, 0.12953120470046997, 0.08984710276126862, 0.17439214885234833]
Replay_loss:[0.0002343448722967878, 0.00026496456121094525, 0.00023230016813613474, 0.00022297688701655716, 0.00024750884040258825, 0.0002826408890541643, 0.00023439510550815612, 0.0002175307454308495, 0.00019900724873878062, 0.00020474178018048406, 0.00024365301942452788, 0.00025773662491701543, 0.00023853855964262038, 0.00022634890046902, 0.00020366017997730523, 0.00020622876763809472, 0.0001939370558829978, 0.00016828926163725555, 0.00021304379333741963, 0.00016654099454171956, 0.00016255327500402927, 0.00020076491637155414, 0.00023010032600723207, 0.00022578926291316748, 0.0002865595743060112, 0.00022608482686337084, 0.0002774485619738698, 0.0003201522631570697, 0.0003028625505976379, 0.0002702634083107114, 0.0003082020557485521, 0.00030065744067542255, 0.00018475032993592322, 0.00029602207359857857, 0.00026930758031085134, 0.0002460713731124997, 0.0002813061000779271, 0.0003054893168155104, 0.00033111442462541163, 0.0003389068297110498, 0.0003308457089588046, 0.0003436251718085259, 0.0003471657691989094, 0.0003441259905230254, 0.0003488023648969829, 0.00026905760751105845, 0.0002950719790533185, 0.00027733639581128955, 0.00023368647089228034, 0.0002429150335956365, 0.0002504446019884199, 0.00022706834715791047, 0.0002113165974151343, 0.00023358275939244777, 0.00024239622871391475, 0.0002450339961796999, 0.00022511777933686972, 0.00023709656670689583, 0.00020612012303899974, 0.0002443966513965279, 0.00021342129912227392, 0.00022084449301473796, 0.00017629677313379943, 0.00021106879285071045, 0.00017630006186664104, 0.00016287386824842542, 0.00019124634854961187, 0.00017886035493575037, 0.00014379601634573191, 0.00019726992468349636, 0.0001976255007321015, 0.00017583771841600537, 0.00020772451534867287, 0.00024979651789180934, 0.00022957501641940325, 0.00019998539937660098, 0.0002254535793326795, 0.00019198453810531646, 0.00023000127112027258, 0.000218874731217511, 0.00025376654230058193, 0.00028761933208443224, 0.0002822779933921993, 0.00026773835998028517, 0.0002503334835637361, 0.00029509240994229913, 0.00025867822114378214, 0.00033273507142439485, 0.0003125903313048184]
Replay_loss_predict:[2.714326183195226e-05, 2.756774119916372e-05, 2.861363100237213e-05, 3.6683501093648374e-05, 3.825181192951277e-05, 3.634222593973391e-05, 3.7510919355554506e-05, 4.483653174247593e-05, 4.94437335873954e-05, 5.053830682300031e-05, 5.720386252505705e-05, 5.814726682729088e-05, 7.116883352864534e-05, 8.245326898759231e-05, 8.560771675547585e-05, 8.24544986244291e-05, 6.509148806799203e-05, 4.639219696400687e-05, 3.866997576551512e-05, 3.881595330312848e-05, 4.0666480344953015e-05, 4.9006623157765716e-05, 4.2853869672399014e-05, 7.37077061785385e-05, 8.748930849833414e-05, 8.97657300811261e-05, 0.00011956655362155288, 0.0001494061725679785, 0.00014178402489051223, 0.00012003636220470071, 0.00010914196900557727, 0.00011564019223442301, 6.267439312068745e-05, 9.596090239938349e-05, 6.946883513592184e-05, 6.321929686237127e-05, 8.530041668564081e-05, 8.480800170218572e-05, 7.747066410956904e-05, 8.438997610937804e-05, 8.739098848309368e-05, 8.394949691137299e-05, 8.42931040097028e-05, 7.110257865861058e-05, 5.625523772323504e-05, 4.555745908874087e-05, 3.925801865989342e-05, 3.791114431805909e-05, 4.316567355999723e-05, 3.912300962838344e-05, 4.380166865303181e-05, 5.519703699974343e-05, 6.926617061253637e-05, 6.563776696566492e-05, 5.778576814918779e-05, 5.656151915900409e-05, 4.030901618534699e-05, 3.5006167308893055e-05, 2.9766921215923503e-05, 2.3159225747804157e-05, 1.986070492421277e-05, 2.103616679960396e-05, 1.6148051145137288e-05, 2.1536514395847917e-05, 1.6072877770056948e-05, 1.5880077626206912e-05, 2.1374245989136398e-05, 2.0092738850507885e-05, 1.5893556337687187e-05, 2.510539343347773e-05, 2.5295070372521877e-05, 2.7426092856330797e-05, 3.386248863535002e-05, 3.1401195883518085e-05, 3.42729217663873e-05, 2.600192601676099e-05, 3.446912160143256e-05, 2.7369893359718844e-05, 3.1591971492161974e-05, 3.313392153359018e-05, 3.5776320146396756e-05, 3.514776108204387e-05, 3.5258810385130346e-05, 3.14900535158813e-05, 3.0242223147070035e-05, 3.226830449420959e-05, 2.5756089598871768e-05, 2.5888422896969132e-05, 2.238030720036477e-05]
Replay_loss_variant:[2.2351741790771484e-06, 1.2218952178955078e-06, 4.231929779052734e-06, 9.745359420776367e-06, 1.5795230865478516e-05, 2.1398067474365234e-05, 2.4616718292236328e-05, 2.536177635192871e-05, 2.3812055587768555e-05, 2.0772218704223633e-05, 1.659989356994629e-05, 1.2546777725219727e-05, 8.434057235717773e-06, 5.602836608886719e-06, 3.635883331298828e-06, 2.7120113372802734e-06, 2.562999725341797e-06, 2.652406692504883e-06, 3.3974647521972656e-06, 3.9637088775634766e-06, 4.559755325317383e-06, 4.649162292480469e-06, 4.76837158203125e-06, 4.380941390991211e-06, 4.112720489501953e-06, 3.4570693969726562e-06, 3.0100345611572266e-06, 2.4437904357910156e-06, 1.9073486328125e-06, 1.6987323760986328e-06, 1.341104507446289e-06, 1.0132789611816406e-06, 7.748603820800781e-07, 6.556510925292969e-07, 5.960464477539062e-07, 5.066394805908203e-07, 3.5762786865234375e-07, 3.2782554626464844e-07, 3.2782554626464844e-07, 3.5762786865234375e-07, 1.3113021850585938e-06, 3.2186508178710938e-06, 5.990266799926758e-06, 7.838010787963867e-06, 9.119510650634766e-06, 9.328126907348633e-06, 8.58306884765625e-06, 7.241964340209961e-06, 5.8710575103759766e-06, 4.202127456665039e-06, 2.562999725341797e-06, 1.5795230865478516e-06, 9.238719940185547e-07, 5.662441253662109e-07, 3.4570693969726562e-06, 9.357929229736328e-06, 1.6301870346069336e-05, 2.232193946838379e-05, 2.580881118774414e-05, 2.6881694793701172e-05, 2.512335777282715e-05, 2.1517276763916016e-05, 1.671910285949707e-05, 1.1831521987915039e-05, 7.808208465576172e-06, 4.798173904418945e-06, 2.8312206268310547e-06, 2.205371856689453e-06, 2.175569534301758e-06, 3.3974647521972656e-06, 5.3942203521728516e-06, 7.927417755126953e-06, 9.685754776000977e-06, 1.0579824447631836e-05, 1.055002212524414e-05, 9.328126907348633e-06, 7.748603820800781e-06, 5.930662155151367e-06, 4.172325134277344e-06, 2.8908252716064453e-06, 1.7285346984863281e-06, 1.2814998626708984e-06, 8.940696716308594e-07, 9.238719940185547e-07, 1.2814998626708984e-06, 1.4007091522216797e-06, 6.973743438720703e-06, 2.0802021026611328e-05, 3.647804260253906e-05]
Replay_loss_reconstruct:[0.00020496643264777958, 0.00023617492115590721, 0.00019945460371673107, 0.00017654802650213242, 0.00019346179033163935, 0.00022490060655400157, 0.00017226746422238648, 0.00014733243733644485, 0.00012575146683957428, 0.0001334312546532601, 0.00016984925605356693, 0.00018704259127844125, 0.00015893566887825727, 0.00013829278759658337, 0.00011441657989053056, 0.00012106225767638534, 0.00012628256808966398, 0.0001192446579807438, 0.00017097636009566486, 0.0001237613323610276, 0.00011732704297173768, 0.00014710912364535034, 0.0001824780774768442, 0.00014770061534363776, 0.0001949575380422175, 0.00013286202738527209, 0.00015487198834307492, 0.00016830230015330017, 0.00015917117707431316, 0.00014852829917799681, 0.00019771898223552853, 0.0001840039767557755, 0.00012130107643315569, 0.0001994055201066658, 0.0001992426987271756, 0.00018234545132145286, 0.00019564805552363396, 0.0002203534822911024, 0.0002533159276936203, 0.0002541592111811042, 0.0002421434037387371, 0.0002564570168033242, 0.00025688239838927984, 0.00026518540107645094, 0.0002834276237990707, 0.00021417203242890537, 0.00024723089882172644, 0.0002321832871530205, 0.00018464973254594952, 0.0001995898928726092, 0.0002040799445239827, 0.0001702917943475768, 0.00014112655480857939, 0.00016737874830141664, 0.0001811533875297755, 0.00017911454779095948, 0.00016850688552949578, 0.00017976845265366137, 0.0001505443942733109, 0.00019435572903603315, 0.0001684372400632128, 0.0001782910549081862, 0.00014342961367219687, 0.0001777007564669475, 0.00015241897199302912, 0.00014219561126083136, 0.00016704088193364441, 0.00015656225150451064, 0.00012572688865475357, 0.00016876705922186375, 0.00016693621000740677, 0.00014048420416656882, 0.00016417627921327949, 0.00020781550847459584, 0.00018475207616575062, 0.00016465534281451255, 0.00018323585391044617, 0.00015868397895246744, 0.00019423697085585445, 0.00018284998077433556, 0.00021626170200761408, 0.00025119006750173867, 0.0002461251278873533, 0.00023532444902230054, 0.00021880977146793157, 0.0002614234108477831, 0.00022594838810618967, 0.0002860446402337402, 0.00025373196694999933]

Task:3
Current_loss:[0.002028700429946184, 0.07041248679161072, 0.08566494286060333, 0.060806360095739365, 0.03530536964535713, 0.0018693044548854232, 0.049635857343673706, 0.05403900146484375, 0.036069054156541824, 0.08797186613082886, 0.07563932985067368, 0.07204655557870865, 0.05602368339896202, 0.07425341755151749, 0.3114704191684723, 0.30803707242012024, 0.2524789273738861, 0.004533095750957727, 0.07163462787866592, 0.0883975625038147, 0.10419808328151703, 0.0733824223279953, 0.14319738745689392, 0.19740396738052368, 0.08886820077896118, 0.06538571417331696, 0.16047702729701996, 0.33430323004722595, 0.16457924246788025, 0.1310967355966568, 0.1174679771065712, 0.10879511386156082, 0.06813841313123703, 0.09179257601499557, 0.02210344560444355, 0.06692735105752945, 0.06283093988895416, 0.1258925497531891, 0.04709756001830101, 0.06260648369789124, 0.04545100778341293, 0.053649693727493286, 0.06320366263389587, 0.0248243510723114, 0.02108222246170044, 0.017073551192879677, 0.012036248110234737, 0.02974071353673935, 0.1661899983882904, 0.15613579750061035, 0.11784499883651733, 0.12277283519506454, 0.12988895177841187, 0.08843247592449188, 0.12511655688285828, 0.06343746930360794, 0.01640111580491066, 0.021451428532600403, 0.05241557955741882, 0.03933938965201378, 0.03068186528980732, 0.01939139887690544, 0.03399648144841194, 0.04111531749367714, 0.29420024156570435, 0.3215871751308441, 0.20396491885185242, 0.08624818921089172, 0.060395240783691406, 0.16490834951400757, 0.10562723129987717, 0.1576012670993805, 0.17560888826847076, 0.19027456641197205, 0.1641806662082672, 0.13141094148159027, 0.13571344316005707, 0.1360638588666916, 0.044228874146938324, 0.06143592298030853, 0.10890668630599976, 0.08493558317422867, 0.02465161867439747, 0.00368075305595994, 0.02612445317208767, 0.17731817066669464, 0.14151251316070557, 0.11971864104270935, 0.19485202431678772]
Current_loss_predict:[0.00038937487988732755, 0.0036875337827950716, 0.005655583459883928, 0.009487728588283062, 0.0024183131754398346, 0.00023406480613630265, 0.005480383522808552, 0.001634581247344613, 0.002722528064623475, 0.004981550853699446, 0.012671940959990025, 0.009946011938154697, 0.012688223272562027, 0.011128594167530537, 0.01909356564283371, 0.006199898663908243, 0.02819269523024559, 0.0028321759309619665, 0.012931345961987972, 0.007818004116415977, 0.01580304279923439, 0.012861344031989574, 0.0133036058396101, 0.05834393948316574, 0.006037964951246977, 0.0181010402739048, 0.00745571730658412, 0.01797429285943508, 0.0017054611817002296, 0.004662657622247934, 0.024092013016343117, 0.026498621329665184, 0.009647275321185589, 0.017518213018774986, 0.003824754850938916, 0.008477583527565002, 0.016682766377925873, 0.05057135224342346, 0.009503382258117199, 0.006636257283389568, 0.005373477935791016, 0.00321508152410388, 0.00933614932000637, 0.0028170093428343534, 0.0035270669031888247, 0.003036710200831294, 0.0032667461782693863, 0.0034806171897798777, 0.0016637607477605343, 0.002136640250682831, 0.003700240980833769, 0.008283720351755619, 0.0034612936433404684, 0.022346485406160355, 0.014703118242323399, 0.00695384806022048, 0.002793744206428528, 0.009799310006201267, 0.008129492402076721, 0.008878304623067379, 0.008666809648275375, 0.006962663494050503, 0.010830502025783062, 0.015526416711509228, 0.008088325150310993, 0.007821283303201199, 0.0013280753046274185, 0.022883199155330658, 0.00765903340652585, 0.013353012502193451, 0.0035946511197835207, 0.014453114941716194, 0.01220934558659792, 0.015308882109820843, 0.007354749832302332, 0.003954451531171799, 0.0052362000569701195, 0.002279548207297921, 0.005566183477640152, 0.013367549516260624, 0.013119104318320751, 0.007268036715686321, 0.0009136127191595733, 0.0013541150838136673, 0.013686392456293106, 0.013657854869961739, 0.011683054268360138, 0.031254008412361145, 0.019732961431145668]
Current_loss_variant:[0.0, 0.0, 0.0, 0.0, 0.0, 3.5762786865234375e-07, 1.9669532775878906e-06, 3.4868717193603516e-06, 5.185604095458984e-06, 6.10947654422489e-06, 6.616115570068359e-06, 6.645917892456055e-06, 6.109476089477539e-06, 5.0067901611328125e-06, 4.1425228118896484e-06, 3.0100345611572266e-06, 2.2649765014648438e-06, 1.7881393432617188e-06, 1.3113021850585938e-06, 9.238720508619735e-07, 8.046627613111923e-07, 8.642673492431641e-07, 9.238719940185547e-07, 8.642673492431641e-07, 8.344650836988876e-07, 6.854534149169922e-07, 6.258487701416016e-07, 5.364418029785156e-07, 3.8743019104003906e-07, 2.682209014892578e-07, 2.384185791015625e-07, 2.086162709247219e-07, 2.0861624250301247e-07, 2.086162567138672e-07, 1.4901161193847656e-07, 1.788139485370266e-07, 1.1920928955078125e-07, 5.960464477539063e-08, 5.960464477539063e-08, 0.0, 0.0, 0.0, 0.0, 0.0, 0.0, 0.0, 0.0, 0.0, 0.0, 0.0, 0.0003106594376731664, 0.0010813772678375244, 0.0020724833011627197, 0.0030680191703140736, 0.0038993358612060547, 0.004462897777557373, 0.004714757204055786, 0.004664301872253418, 0.004360020160675049, 0.0038715898990631104, 0.0032778680324554443, 0.0026513636112213135, 0.0020541250705718994, 0.0015290235169231892, 0.0011020004749298096, 0.000782012939453125, 0.0005638599395751953, 0.0004432257264852524, 0.0003744363784790039, 0.0003625154495239258, 0.0003798902325797826, 0.0004096031188964844, 0.0004388391971588135, 0.0004584789276123047, 0.00046509504318237305, 0.0004572868347167969, 0.0004356801509857178, 0.00040408968925476074, 0.00036460161209106445, 0.00032269954681396484, 0.000280529260635376, 0.00024056434631347656, 0.00020420551300048828, 0.0001735091209411621, 0.00014832615852355957, 0.00012820959091186523, 0.0001125335693359375, 0.00010117888450622559, 9.307265281677246e-05]
Current_loss_reconstruct:[0.001639325637370348, 0.06672495603561401, 0.0800093561410904, 0.05131863057613373, 0.0328870564699173, 0.0016348820645362139, 0.04415350779891014, 0.05240093171596527, 0.033341340720653534, 0.08298420906066895, 0.06296077370643616, 0.06209389865398407, 0.043329350650310516, 0.0631198137998581, 0.2923727035522461, 0.3018341660499573, 0.22428396344184875, 0.0016991316806524992, 0.05870196968317032, 0.08057863265275955, 0.08839423209428787, 0.06052021309733391, 0.12989285588264465, 0.1390591561794281, 0.08282940089702606, 0.04728399217128754, 0.1530206799507141, 0.31632840633392334, 0.16287338733673096, 0.12643380463123322, 0.09337572753429413, 0.08229628205299377, 0.05849092826247215, 0.07427415251731873, 0.018278541043400764, 0.05844958871603012, 0.04614805057644844, 0.07532114535570145, 0.03759411722421646, 0.05597022920846939, 0.04007752984762192, 0.05043461173772812, 0.053867511451244354, 0.02200734242796898, 0.017555154860019684, 0.014036840759217739, 0.008769501931965351, 0.026260096579790115, 0.16452623903751373, 0.15399916470050812, 0.11383409798145294, 0.11340773850679398, 0.12435518205165863, 0.06301796436309814, 0.1065141037106514, 0.05202072113752365, 0.00889261532574892, 0.006987817119807005, 0.03992606699466705, 0.026589496061205864, 0.0187371876090765, 0.0097773727029562, 0.021111853420734406, 0.024059878662228584, 0.2850099205970764, 0.3129838705062866, 0.20207297801971436, 0.06292176246643066, 0.05236177146434784, 0.1511928141117096, 0.10165268927812576, 0.14273855090141296, 0.1629607081413269, 0.17450720071792603, 0.15636081993579865, 0.12699919939041138, 0.13004156947135925, 0.1333802193403244, 0.03829808905720711, 0.04774567484855652, 0.09550705552101135, 0.0774269849061966, 0.02353380061686039, 0.0021531288512051105, 0.012289734557271004, 0.1635321080684662, 0.1297169327735901, 0.08836345374584198, 0.17502598464488983]
Replay_loss:[0.00025156085030175745, 0.0002315954479854554, 0.0002444128040224314, 0.00021965280757285655, 0.00018822564743459225, 0.00021624763030558825, 0.00020183043670840561, 0.00022989751596469432, 0.00024315976770594716, 0.00023253363906405866, 0.00022282559075392783, 0.00024516202392987907, 0.0002596974081825465, 0.00024352804757654667, 0.00021937291603535414, 0.00023503031115978956, 0.00019647199951577932, 0.0002001356187975034, 0.0001870703708846122, 0.00015400275879073888, 0.000143062075949274, 0.00017362373182550073, 0.00016544602112844586, 0.00017948327877093107, 0.00021297998318914324, 0.0001927112025441602, 0.00019684663857333362, 0.0002467708836775273, 0.00020614232926163822, 0.00022742840519640595, 0.00013417527952697128, 0.0001928115962073207, 0.00019633662304840982, 0.0002206855861004442, 0.0002913895295932889, 0.00026155728846788406, 0.0003003441379405558, 0.00024536121054552495, 0.0003123668138869107, 0.00025092012947425246, 0.00029343561618588865, 0.0002487854508217424, 0.0003381932619959116, 0.0003048445505555719, 0.00026740372413769364, 0.00028520304476842284, 0.0002702977799344808, 0.0002264715585624799, 0.00022699643159285188, 0.00019277073442935944, 0.0005030105239711702, 0.0012627036776393652, 0.002296253340318799, 0.0032362251076847315, 0.004092041868716478, 0.004630473908036947, 0.0049821543507277966, 0.004858567379415035, 0.00451762555167079, 0.004024929367005825, 0.003522359998896718, 0.0028204363770782948, 0.002251314464956522, 0.0016995988553389907, 0.0012601944617927074, 0.0009346292354166508, 0.0007021458586677909, 0.0005756522878073156, 0.000590843555983156, 0.0005560553981922567, 0.0006061996100470424, 0.0006168638938106596, 0.0006826341850683093, 0.0006993323913775384, 0.0007524308166466653, 0.0007165699498727918, 0.0006742069963365793, 0.0006158880423754454, 0.0006121347541920841, 0.0005493820062838495, 0.0005406918935477734, 0.0004494440509006381, 0.00043677675421349704, 0.00041643838630989194, 0.00039574928814545274, 0.00038172860513441265, 0.00033023598371073604, 0.000308372633298859, 0.00031630968442186713]
Replay_loss_predict:[7.767557690385729e-06, 1.0283602023264393e-05, 1.6165939086931758e-05, 1.5999799870769493e-05, 2.5682324121589772e-05, 3.1967152608558536e-05, 3.7989484553691e-05, 4.214174623484723e-05, 4.4878739572595805e-05, 4.657133831642568e-05, 5.529565896722488e-05, 6.309935997705907e-05, 7.536765042459592e-05, 6.65210245642811e-05, 6.585771188838407e-05, 6.203321390785277e-05, 3.57186327164527e-05, 2.7434911316959187e-05, 1.821917794586625e-05, 1.2786082152160816e-05, 8.62138949742075e-06, 6.3039087763172574e-06, 1.0549915714364033e-05, 1.2276474080863409e-05, 4.05223217967432e-05, 2.7511996449902654e-05, 3.930845923605375e-05, 4.380798418424092e-05, 3.7839345168322325e-05, 2.7718382625607774e-05, 2.2941443603485823e-05, 3.8349011447280645e-05, 3.299401578260586e-05, 3.039411603822373e-05, 4.699764758697711e-05, 4.29689243901521e-05, 9.848047920968384e-05, 4.157764124101959e-05, 8.909810276236385e-05, 6.208303238963708e-05, 4.900146086583845e-05, 5.7912238844437525e-05, 0.00011414788605179638, 5.133145532454364e-05, 6.554887659149244e-05, 6.71271700412035e-05, 4.120238736504689e-05, 2.8739712433889508e-05, 2.9439106583595276e-05, 1.933149906108156e-05, 2.1612107957480475e-05, 1.4010061931912787e-05, 1.7025176930474117e-05, 1.5448804333573207e-05, 1.4566458048648201e-05, 1.1417566383897793e-05, 1.565797720104456e-05, 1.081212394637987e-05, 8.215452908189036e-06, 1.1271366020082496e-05, 1.041492578224279e-05, 1.2000072274531703e-05, 9.35292882786598e-06, 8.113775948004331e-06, 8.264638381660916e-06, 7.302653102669865e-06, 1.2076450730091892e-05, 1.811340553103946e-05, 2.9656453989446163e-05, 4.214271029923111e-05, 5.146082548890263e-05, 5.9928101109107956e-05, 6.62202073726803e-05, 6.91417881171219e-05, 6.015998951625079e-05, 5.0710688810795546e-05, 3.76795869669877e-05, 3.9293656300287694e-05, 3.356178422109224e-05, 2.9490995075320825e-05, 2.262767156935297e-05, 2.092813519993797e-05, 1.731785960146226e-05, 1.0995032425853424e-05, 1.703050838841591e-05, 1.0388241207692772e-05, 7.521026418544352e-06, 1.1801246728282422e-05, 1.211772450915305e-05]
Replay_loss_variant:[0.0, 0.0, 0.0, 0.0, 0.0, 3.5762786865234375e-07, 1.9669532775878906e-06, 3.4868717193603516e-06, 5.185604095458984e-06, 6.109476089477539e-06, 6.616115570068359e-06, 6.645917892456055e-06, 6.109476089477539e-06, 5.0067901611328125e-06, 4.1425228118896484e-06, 3.0100345611572266e-06, 2.2649765014648438e-06, 1.7881393432617188e-06, 1.3113021850585938e-06, 9.238719940185547e-07, 8.046627044677734e-07, 8.642673492431641e-07, 9.238719940185547e-07, 8.642673492431641e-07, 8.344650268554688e-07, 6.854534149169922e-07, 6.258487701416016e-07, 5.364418029785156e-07, 3.8743019104003906e-07, 2.682209014892578e-07, 2.384185791015625e-07, 2.086162567138672e-07, 2.086162567138672e-07, 2.086162567138672e-07, 1.4901161193847656e-07, 1.7881393432617188e-07, 1.1920928955078125e-07, 5.960464477539063e-08, 5.960464477539063e-08, 0.0, 0.0, 0.0, 0.0, 0.0, 0.0, 0.0, 0.0, 0.0, 0.0, 0.0, 0.00031065940856933594, 0.0010813772678375244, 0.0020724833011627197, 0.003067910671234131, 0.0038993358612060547, 0.004462897777557373, 0.004714757204055786, 0.004664301872253418, 0.004360020160675049, 0.0038715898990631104, 0.0032778680324554443, 0.0026513636112213135, 0.0020541250705718994, 0.001529097557067871, 0.0011020004749298096, 0.000782012939453125, 0.0005638599395751953, 0.00043460726737976074, 0.0003744363784790039, 0.0003625154495239258, 0.00037989020347595215, 0.0004096031188964844, 0.0004388391971588135, 0.0004584789276123047, 0.00046509504318237305, 0.0004572868347167969, 0.0004356801509857178, 0.00040408968925476074, 0.00036460161209106445, 0.00032269954681396484, 0.000280529260635376, 0.00024056434631347656, 0.00020420551300048828, 0.0001735091209411621, 0.00014832615852355957, 0.00012820959091186523, 0.0001125335693359375, 0.00010117888450622559, 9.307265281677246e-05]
Replay_loss_reconstruct:[0.0002437932853354141, 0.0002213118423242122, 0.0002282468631165102, 0.00020365300588309765, 0.00016254332149401307, 0.00018392284982837737, 0.00016187400615308434, 0.00018426889437250793, 0.00019309541676193476, 0.00017985282465815544, 0.00016091381257865578, 0.00017541674606036395, 0.00017822028894443065, 0.00017200023285113275, 0.0001493726740591228, 0.00016998706269077957, 0.00015848838665988296, 0.0001709125644993037, 0.00016753989621065557, 0.0001402928028255701, 0.0001336360292043537, 0.00016645556024741381, 0.00015397222887258977, 0.0001663425355218351, 0.00017162319272756577, 0.00016451375267934054, 0.00015691232692915946, 0.00020242645405232906, 0.00016791555390227586, 0.0001994417980313301, 0.0001109954173443839, 0.00015425396850332618, 0.00016313398373313248, 0.0001900828501675278, 0.0002442428667563945, 0.0002184095501434058, 0.0002017444494413212, 0.00020372396102175117, 0.00022320910647977144, 0.00018883708980865777, 0.0002444341662339866, 0.0001908732228912413, 0.00022404537594411522, 0.0002535131061449647, 0.0002018548548221588, 0.00021807588927913457, 0.0002290953998453915, 0.0001977318461285904, 0.0001975573250092566, 0.0001734392426442355, 0.0001707390183582902, 0.00016731623327359557, 0.000206744676688686, 0.0001528655702713877, 0.00017813980230130255, 0.00015615872689522803, 0.00025173931499011815, 0.00018345341959502548, 0.00014938984531909227, 0.00014206834021024406, 0.00023407701519317925, 0.00015707263082731515, 0.00018783644190989435, 0.00016238747048191726, 0.00014992935757618397, 0.00014531362103298306, 0.0001262094301637262, 0.00012293161125853658, 0.0001867507235147059, 0.0001513972383690998, 0.00017484859563410282, 0.0001473326701670885, 0.00017757478053681552, 0.00017171168292406946, 0.00022717576939612627, 0.00020857241179328412, 0.0002008472802117467, 0.00017250468954443932, 0.00021397133241407573, 0.00019719151896424592, 0.0002375349577050656, 0.00018795157666318119, 0.00021525339980144054, 0.000231934231123887, 0.00023039261577650905, 0.00024313078029081225, 0.00021018137340433896, 0.00019539249478839338, 0.00021111931710038334]

Task:4
Current_loss:[0.093719482421875, 0.13870376348495483, 0.1988985240459442, 0.2208130955696106, 0.1592669039964676, 0.228573277592659, 0.16273260116577148, 0.16536438465118408, 0.22936467826366425, 0.171564981341362, 0.12665201723575592, 0.18559324741363525, 0.4041583240032196, 0.2565639913082123, 0.16844749450683594, 0.1707237809896469, 0.1557205468416214, 0.15593157708644867, 0.11805745959281921, 0.15043757855892181, 0.14145854115486145, 0.14453139901161194, 0.15630845725536346, 0.2109125554561615, 0.14053481817245483, 0.07461024820804596, 0.1463073194026947, 0.193283811211586, 0.20479515194892883, 0.14925000071525574, 0.14185941219329834, 0.09719472378492355, 0.12180543690919876, 0.16880325973033905, 0.20460335910320282, 0.13413238525390625, 0.195439875125885, 0.1127747967839241, 0.19624704122543335, 0.15516099333763123, 0.1292848438024521, 0.11790989339351654, 0.13086126744747162, 0.14736615121364594]
Current_loss_predict:[0.0019779172725975513, 0.00474071130156517, 0.005498434416949749, 0.004300552420318127, 0.00440846337005496, 0.007582861930131912, 0.007826825603842735, 0.008124702610075474, 0.013748076744377613, 0.008570377714931965, 0.0070274039171636105, 0.008260057307779789, 0.013737987726926804, 0.013795578852295876, 0.007359398994594812, 0.0047862655483186245, 0.007472632918506861, 0.0071443915367126465, 0.011477752588689327, 0.008416580967605114, 0.030176565051078796, 0.007783764507621527, 0.007573519833385944, 0.007719183340668678, 0.005130616948008537, 0.005521636456251144, 0.006078194826841354, 0.005850972142070532, 0.0042541734874248505, 0.007505381945520639, 0.006724386475980282, 0.0054701645858585835, 0.014625975862145424, 0.005740481428802013, 0.0065955002792179585, 0.009250235743820667, 0.003956804983317852, 0.004763980396091938, 0.0056084757670760155, 0.016931548714637756, 0.009978743270039558, 0.007755212020128965, 0.002945228246971965, 0.009939586743712425]
Current_loss_variant:[2.491474151611328e-05, 2.1517276763916016e-05, 1.856684684753418e-05, 1.6003847122192383e-05, 1.4007091522216797e-05, 1.3887882232666016e-05, 1.5974044799804688e-05, 1.7851591110229492e-05, 1.940131187438965e-05, 1.8984079360961914e-05, 1.7374753952026367e-05, 1.5079974218679126e-05, 1.3113021850585938e-05, 1.1205673217773438e-05, 9.894371032714844e-06, 8.761882781982422e-06, 7.539987564086914e-06, 6.407499768101843e-06, 5.364418029785156e-06, 4.291534423828125e-06, 3.874301910400391e-06, 3.6954879760742188e-06, 3.7848949432373047e-06, 3.5762786865234375e-06, 3.4868717193603516e-06, 3.069639205932617e-06, 2.473592758178711e-06, 1.8775463104248047e-06, 1.4901161193847656e-06, 1.3709068298339844e-06, 1.1622905731201172e-06, 1.043081283569336e-06, 9.5367431640625e-07, 8.046627044677734e-07, 6.854534149169922e-07, 4.76837158203125e-07, 4.172325134277344e-07, 2.980232238769531e-07, 4.172325134277344e-07, 2.980232238769531e-07, 1.7881393432617188e-07, 8.940696716308594e-08, 8.940696716308594e-08, 2.9802322387695312e-08]
Current_loss_reconstruct:[0.09171664714813232, 0.13394153118133545, 0.19338151812553406, 0.216496542096138, 0.15484443306922913, 0.22097653150558472, 0.1548898071050644, 0.15722182393074036, 0.21559719741344452, 0.16297562420368195, 0.11960723996162415, 0.17731811106204987, 0.3904072344303131, 0.24275721609592438, 0.16107819974422455, 0.16592875123023987, 0.1482403725385666, 0.14878077805042267, 0.10657434165477753, 0.1420167088508606, 0.11127809435129166, 0.1367439329624176, 0.14873115718364716, 0.20318979024887085, 0.1354007124900818, 0.06908553838729858, 0.14022664725780487, 0.1874309629201889, 0.2005394846200943, 0.1417432427406311, 0.13513386249542236, 0.09172351658344269, 0.10717850923538208, 0.1630619764328003, 0.19800716638565063, 0.12488167732954025, 0.19148264825344086, 0.10801051557064056, 0.19063815474510193, 0.1382291465997696, 0.11930591613054276, 0.11015459150075912, 0.12791594862937927, 0.13742654025554657]
Replay_loss:[9.32991606532596e-05, 8.513598731951788e-05, 8.879912638803944e-05, 9.708618745207787e-05, 9.421401773579419e-05, 7.495984027627856e-05, 9.699526708573103e-05, 7.736898260191083e-05, 7.880791235947981e-05, 8.989757770905271e-05, 8.813777822069824e-05, 9.657125337980688e-05, 9.11491661099717e-05, 7.883740909164771e-05, 5.6297500123037025e-05, 5.199524821364321e-05, 3.372331411810592e-05, 3.2789306715130806e-05, 5.906010846956633e-05, 3.7130233977222815e-05, 5.6274748203577474e-05, 7.448014366673306e-05, 9.724855772219598e-05, 9.003598097478971e-05, 9.788598981685936e-05, 0.00010239876428386196, 6.0236612625885755e-05, 5.364293610909954e-05, 5.3834715799894184e-05, 4.438510222826153e-05, 4.8987272748490795e-05, 4.9987669626716524e-05, 4.85309719806537e-05, 4.1734601836651564e-05, 4.661645652959123e-05, 5.938003596384078e-05, 4.7265406465157866e-05, 3.420440771151334e-05, 3.555658622644842e-05, 2.9406761314021423e-05, 2.815488369378727e-05, 2.9155406082281843e-05, 3.8587109884247184e-05, 4.211195482639596e-05]
Replay_loss_predict:[5.082621282781474e-05, 4.3145402742084116e-05, 4.56320121884346e-05, 5.175502155907452e-05, 4.977196658728644e-05, 3.2084237318485975e-05, 4.7310277295764536e-05, 2.876777398341801e-05, 3.49226756952703e-05, 4.698125849245116e-05, 4.699908822658472e-05, 6.138991739135236e-05, 6.295720231719315e-05, 5.1242233894299716e-05, 3.2441130315419286e-05, 3.0412396881729364e-05, 1.6317992049152963e-05, 1.7942667909665033e-05, 4.17057890444994e-05, 2.053657954093069e-05, 3.562099300324917e-05, 5.018815500079654e-05, 6.367632158799097e-05, 5.5197757319547236e-05, 5.903614146518521e-05, 6.787739403080195e-05, 2.471811239956878e-05, 2.2096217435318977e-05, 2.7472251531435177e-05, 2.0328550817794167e-05, 2.633746771607548e-05, 2.6460742446943186e-05, 2.9714705306105316e-05, 2.508250327082351e-05, 2.95424870273564e-05, 4.169562816969119e-05, 3.450451185926795e-05, 2.3475964553654194e-05, 2.6693171093938872e-05, 2.0542653146549128e-05, 1.9622577383415774e-05, 2.028403469012119e-05, 2.8118480258854106e-05, 2.814224353642203e-05]
Replay_loss_variant:[2.491474151611328e-05, 2.1517276763916016e-05, 1.856684684753418e-05, 1.6003847122192383e-05, 1.4007091522216797e-05, 1.3887882232666016e-05, 1.5974044799804688e-05, 1.7851591110229492e-05, 1.940131187438965e-05, 1.8984079360961914e-05, 1.7374753952026367e-05, 1.5079975128173828e-05, 1.3113021850585938e-05, 1.1205673217773438e-05, 9.894371032714844e-06, 8.761882781982422e-06, 7.539987564086914e-06, 6.407499313354492e-06, 5.364418029785156e-06, 4.291534423828125e-06, 3.874301910400391e-06, 3.6954879760742188e-06, 3.7848949432373047e-06, 3.5762786865234375e-06, 3.4868717193603516e-06, 3.069639205932617e-06, 2.473592758178711e-06, 1.8775463104248047e-06, 1.4901161193847656e-06, 1.3709068298339844e-06, 1.1622905731201172e-06, 1.043081283569336e-06, 9.5367431640625e-07, 8.046627044677734e-07, 6.854534149169922e-07, 4.76837158203125e-07, 4.172325134277344e-07, 2.980232238769531e-07, 4.172325134277344e-07, 2.980232238769531e-07, 1.7881393432617188e-07, 8.940696716308594e-08, 8.940696716308594e-08, 2.9802322387695312e-08]
Replay_loss_reconstruct:[1.755820630933158e-05, 2.0473309632507153e-05, 2.460026735207066e-05, 2.9327320589800365e-05, 3.0434957807301544e-05, 2.898772436310537e-05, 3.3710948628140613e-05, 3.074961932725273e-05, 2.4483924789819866e-05, 2.393224167462904e-05, 2.3763932404108346e-05, 2.0101357222301885e-05, 1.5078945580171421e-05, 1.6389503798563965e-05, 1.3961998774902895e-05, 1.2820968549931422e-05, 9.865332685876638e-06, 8.439137673121877e-06, 1.1989901395281777e-05, 1.23021191029693e-05, 1.6779453289927915e-05, 2.0596500689862296e-05, 2.978734119096771e-05, 3.1261944968719035e-05, 3.536298027029261e-05, 3.1451731047127396e-05, 3.304490746813826e-05, 2.9669172363355756e-05, 2.487234814907424e-05, 2.268564458063338e-05, 2.14875144592952e-05, 2.2483847715193406e-05, 1.786259417713154e-05, 1.5847435861360282e-05, 1.638851608731784e-05, 1.7207568816957064e-05, 1.2343663911451586e-05, 1.0430420843476895e-05, 8.44618261908181e-06, 8.566084943595342e-06, 8.353492376045324e-06, 8.78196533449227e-06, 1.0379224477219395e-05, 1.393990714859683e-05]

Task:4
Current_loss:[0.09415256977081299, 0.14019890129566193, 0.19839563965797424, 0.220986470580101, 0.16012944281101227, 0.2288890779018402, 0.16317975521087646, 0.16414964199066162, 0.229044109582901, 0.17220954596996307, 0.1268094778060913, 0.18318818509578705, 0.409500390291214, 0.2539519965648651, 0.16901305317878723, 0.17089654505252838, 0.15402299165725708, 0.15566085278987885, 0.1258014440536499, 0.1467410773038864, 0.14041106402873993, 0.14451074600219727, 0.1577323079109192, 0.21098452806472778, 0.14123299717903137, 0.07485323399305344, 0.14624154567718506, 0.19301238656044006, 0.2040894627571106, 0.14957228302955627, 0.14133216440677643, 0.09752295911312103, 0.12158021330833435, 0.16863667964935303, 0.20403839647769928, 0.1345514953136444, 0.19893935322761536, 0.11430543661117554, 0.19427914917469025, 0.15662407875061035, 0.129232257604599, 0.12204305082559586, 0.13153626024723053, 0.1469249427318573]
Current_loss_predict:[0.0018843801226466894, 0.005749010480940342, 0.0058682756498456, 0.0048527466133236885, 0.004418263677507639, 0.008403785526752472, 0.0080241858959198, 0.007760775741189718, 0.0137092936784029, 0.008604725822806358, 0.007064869161695242, 0.007244044449180365, 0.015133164823055267, 0.011186162009835243, 0.007543598767369986, 0.004705216735601425, 0.0075974492356181145, 0.007346263155341148, 0.010580264031887054, 0.009350958280265331, 0.029958004131913185, 0.007818211801350117, 0.008912745863199234, 0.007861167192459106, 0.005104197654873133, 0.005609322804957628, 0.00570991775020957, 0.005757128819823265, 0.004049988929182291, 0.007552200462669134, 0.006201323587447405, 0.005575903691351414, 0.013920821249485016, 0.00536552956327796, 0.005670392885804176, 0.009918599389493465, 0.004646637011319399, 0.005528641864657402, 0.005222156643867493, 0.01758985035121441, 0.008778822608292103, 0.008111664094030857, 0.00320527795702219, 0.00947115570306778]
Current_loss_variant:[4.172325134277344e-07, 2.682209014892578e-07, 2.682209014892578e-07, 1.4901161193847656e-07, 1.4901161193847656e-07, 1.7881393432617188e-07, 1.1920928955078125e-07, 1.1920928244535389e-07, 2.9802320611338473e-08, 2.9802322387695312e-08, 0.0, 5.9604641222676946e-08, 5.960464477539063e-08, 2.9802322387695312e-08, 2.9802322387695312e-08, 0.0, 0.0, 0.0, 0.0, 0.0, 0.0, 0.0, 0.0, 0.0, 0.0, 0.0, 0.0, 0.0, 0.0, 0.0, 0.0, 0.0, 0.0, 0.0, 0.0, 0.0, 0.0, 0.0, 0.0, 0.0, 0.0, 0.0, 0.0, 0.0]
Current_loss_reconstruct:[0.09226777404546738, 0.13444961607456207, 0.19252710044384003, 0.21613357961177826, 0.15571102499961853, 0.22048510611057281, 0.15515545010566711, 0.15638874471187592, 0.21533478796482086, 0.16360479593276978, 0.11974461376667023, 0.17594407498836517, 0.39436715841293335, 0.24276579916477203, 0.16146942973136902, 0.16619132459163666, 0.1464255452156067, 0.14831459522247314, 0.11522117257118225, 0.1373901218175888, 0.1104530617594719, 0.13669253885746002, 0.14881956577301025, 0.20312336087226868, 0.13612879812717438, 0.0692439079284668, 0.14053162932395935, 0.18725526332855225, 0.20003947615623474, 0.1420200765132904, 0.1351308375597, 0.0919470563530922, 0.10765939205884933, 0.16327114403247833, 0.19836799800395966, 0.12463290244340897, 0.19429270923137665, 0.10877679288387299, 0.18905699253082275, 0.1390342265367508, 0.12045343965291977, 0.11393138766288757, 0.12833097577095032, 0.13745379447937012]
Replay_loss:[0.00014111626660451293, 5.9167981817154214e-05, 7.312306843232363e-05, 7.924588862806559e-05, 9.808259346755221e-05, 8.41983564896509e-05, 9.751770994625986e-05, 0.00010065350215882063, 9.892952220980078e-05, 0.0001065408723661676, 7.888590334914625e-05, 6.781515548937023e-05, 5.829077053931542e-05, 3.8138183299452066e-05, 3.502600156934932e-05, 3.6007899325340986e-05, 3.21220068144612e-05, 3.132590063614771e-05, 3.0478066037176177e-05, 3.603697405196726e-05, 3.696663770824671e-05, 4.906725371256471e-05, 6.798305548727512e-05, 6.137343007139862e-05, 6.707099237246439e-05, 6.927662616362795e-05, 7.16440481483005e-05, 7.142240065149963e-05, 5.773158045485616e-05, 5.16469226568006e-05, 4.809782330994494e-05, 4.5649307139683515e-05, 4.55081244581379e-05, 3.408155680517666e-05, 4.433627691469155e-05, 3.331328844069503e-05, 3.6064928281120956e-05, 3.154852311126888e-05, 3.7824007449671626e-05, 2.5192424800479785e-05, 2.7429883630247787e-05, 3.7094421713845804e-05, 3.343003845657222e-05, 5.760397471021861e-05]
Replay_loss_predict:[0.0001255629031220451, 3.982226917287335e-05, 4.4968743168283254e-05, 4.465278107090853e-05, 5.810114089399576e-05, 4.9760506954044104e-05, 6.0696569562423974e-05, 6.399703852366656e-05, 6.40267098788172e-05, 7.522181113017723e-05, 5.1804116083076224e-05, 4.390104368212633e-05, 3.2151947380043566e-05, 1.822778540372383e-05, 2.099986159009859e-05, 2.664007115527056e-05, 2.5501038180664182e-05, 2.64363825408509e-05, 2.6210822397843003e-05, 2.7918926207348704e-05, 2.2919699404155836e-05, 2.8393213142408058e-05, 2.152197339455597e-05, 2.7235710149398074e-05, 3.065748023800552e-05, 3.187929542036727e-05, 3.914965418516658e-05, 3.903816468664445e-05, 3.0744948162464425e-05, 2.4739803848206066e-05, 2.468149978085421e-05, 2.2515057935379446e-05, 2.3804703232599422e-05, 1.6035806766012684e-05, 2.731991116888821e-05, 1.7007132555590943e-05, 2.029540337389335e-05, 1.8977802028530277e-05, 2.7608941309154034e-05, 1.690653880359605e-05, 2.0945652067894116e-05, 3.125947114313021e-05, 2.6043471734737977e-05, 4.769800216308795e-05]
Replay_loss_variant:[4.172325134277344e-07, 2.682209014892578e-07, 2.682209014892578e-07, 1.4901161193847656e-07, 1.4901161193847656e-07, 1.7881393432617188e-07, 1.1920928955078125e-07, 1.1920928955078125e-07, 2.9802322387695312e-08, 2.9802322387695312e-08, 0.0, 5.960464477539063e-08, 5.960464477539063e-08, 2.9802322387695312e-08, 2.9802322387695312e-08, 0.0, 0.0, 0.0, 0.0, 0.0, 0.0, 0.0, 0.0, 0.0, 0.0, 0.0, 0.0, 0.0, 0.0, 0.0, 0.0, 0.0, 0.0, 0.0, 0.0, 0.0, 0.0, 0.0, 0.0, 0.0, 0.0, 0.0, 0.0, 0.0]
Replay_loss_reconstruct:[1.5136134607018903e-05, 1.9077491742791608e-05, 2.788610800052993e-05, 3.444409230723977e-05, 3.9832440961617976e-05, 3.425903923925944e-05, 3.67019310942851e-05, 3.653725070762448e-05, 3.4873010008595884e-05, 3.128925891360268e-05, 2.7081789085059427e-05, 2.38545035244897e-05, 2.607921851449646e-05, 1.988059375435114e-05, 1.3996339475852437e-05, 9.367828170070425e-06, 6.6209695432917215e-06, 4.889518095296808e-06, 4.267243639333174e-06, 8.118047844618559e-06, 1.404693739459617e-05, 2.067404057015665e-05, 4.646108209271915e-05, 3.413772355997935e-05, 3.641351213445887e-05, 3.739733074326068e-05, 3.2494393963133916e-05, 3.2384239602833986e-05, 2.6986632292391732e-05, 2.690711698960513e-05, 2.3416323529090732e-05, 2.313424920430407e-05, 2.1703421225538477e-05, 1.8045750039163977e-05, 1.701636574580334e-05, 1.630615588510409e-05, 1.5769523088238202e-05, 1.2570722901728004e-05, 1.0215064321528189e-05, 8.285885996883735e-06, 6.4842320171010215e-06, 5.8349496612208895e-06, 7.3865658123395406e-06, 9.905974366120063e-06]

